presolve_elapsed_times=[0.008402824401855469, 0.10901594161987305, 30.93039321899414, 4.791557788848877]
optimize_elapsed=7222.422141551971
