presolve_elapsed_times=[0.010677099227905273, 0.08801698684692383, 132.13597679138184, 3.107417345046997]
optimize_elapsed=7224.219480514526
