presolve_elapsed_times=[0.14762282371520996, 0.14374017715454102, 10.674050569534302, 4.672428369522095]
optimize_elapsed=7206.320472478867
