presolve_elapsed_times=[0.009577751159667969, 0.11181402206420898, 4.088507652282715]
optimize_elapsed=7209.0201234817505
