presolve_elapsed_times=[0.006396293640136719, 0.05173945426940918, 0.19160246849060059]
optimize_elapsed=13.674851179122925
