presolve_elapsed_times=[0.00932168960571289, 0.10840034484863281, 6.104121208190918, 10.797009944915771]
optimize_elapsed=7219.131244897842
