presolve_elapsed_times=[0.06801581382751465, 0.14464092254638672, 37.02162766456604, 15.93473196029663]
optimize_elapsed=7202.923546552658
