presolve_elapsed_times=[0.010351181030273438, 0.13027381896972656, 1.771066427230835, 68.54682326316833]
optimize_elapsed=7223.004922389984
