presolve_elapsed_times=[0.01796746253967285, 3.461312770843506, 0.26912355422973633]
optimize_elapsed=6.448520183563232
