presolve_elapsed_times=[0.007608890533447266, 0.08042359352111816, 0.17377829551696777]
optimize_elapsed=11.198325634002686
