presolve_elapsed_times=[0.050557851791381836, 0.0993354320526123, 0.5720803737640381]
optimize_elapsed=81.02763605117798
