presolve_elapsed_times=[0.016267061233520508, 0.016268253326416016]
optimize_elapsed=1.840423583984375
