presolve_elapsed_times=[0.04139828681945801, 0.08603572845458984, 3.467623710632324]
optimize_elapsed=1340.273963689804
