presolve_elapsed_times=[0.005344867706298828, 0.03171110153198242, 0.2521347999572754]
optimize_elapsed=7227.265699386597
