presolve_elapsed_times=[0.009449005126953125, 0.06582760810852051, 0.8004016876220703]
optimize_elapsed=51.41204357147217
