presolve_elapsed_times=[0.02946329116821289, 0.10814523696899414, 0.44218015670776367]
optimize_elapsed=84.57501912117004
