presolve_elapsed_times=[0.08580374717712402, 0.2852799892425537, 0.4360470771789551, 106.97569370269775]
optimize_elapsed=7206.733858346939
