presolve_elapsed_times=[0.006777763366699219, 0.05684375762939453, 7200.025519132614, 0.82541823387146]
optimize_elapsed=7223.931240558624
