presolve_elapsed_times=[0.008552074432373047, 0.008553504943847656, 0.11380720138549805, 0.11381030082702637]
optimize_elapsed=7232.521771430969
