presolve_elapsed_times=[0.03591036796569824, 0.0825798511505127, 2.696951389312744]
optimize_elapsed=4898.068789482117
