presolve_elapsed_times=[0.010778665542602539, 0.0972740650177002, 18.706737518310547]
optimize_elapsed=7210.211799621582
