presolve_elapsed_times=[0.00852203369140625, 0.03684496879577637, 1.4098496437072754]
optimize_elapsed=7229.93275308609
