presolve_elapsed_times=[0.011365652084350586, 0.06337118148803711, 6.442529916763306]
optimize_elapsed=99.36706709861755
