presolve_elapsed_times=[0.007921457290649414, 0.0982668399810791, 1.601637363433838]
optimize_elapsed=7217.587079286575
