presolve_elapsed_times=[0.060303688049316406, 0.2231156826019287, 89.3818850517273, 10.37916374206543]
optimize_elapsed=7207.812799453735
