presolve_elapsed_times=[0.021265506744384766, 0.24684548377990723]
optimize_elapsed=5.529894590377808
