presolve_elapsed_times=[0.006795406341552734, 0.006796360015869141, 0.05292987823486328, 0.0529325008392334]
optimize_elapsed=11.822786569595337
