presolve_elapsed_times=[0.028220653533935547, 0.028223037719726562, 2.78759503364563, 2.78759765625]
optimize_elapsed=4.102587938308716
