presolve_elapsed_times=[0.00828695297241211, 0.13771843910217285, 0.19850444793701172, 1943.322503566742]
optimize_elapsed=7213.65168094635
