presolve_elapsed_times=[0.06484103202819824, 0.2386775016784668, 0.45876312255859375, 1095.4161472320557]
optimize_elapsed=7203.917520046234
