presolve_elapsed_times=[0.011011838912963867, 0.11913609504699707, 7201.670578241348, 4.240468740463257]
optimize_elapsed=7216.605959892273
