presolve_elapsed_times=[0.02890157699584961, 2.865072250366211, 0.20353984832763672]
optimize_elapsed=3.906050443649292
