presolve_elapsed_times=[0.010853290557861328, 0.17313313484191895, 0.27477216720581055, 7223.017828702927, 16.141812562942505]
optimize_elapsed=7209.034612894058
