presolve_elapsed_times=[0.03453207015991211, 0.07443094253540039, 2.456955909729004]
optimize_elapsed=284.17964267730713
