presolve_elapsed_times=[0.009057760238647461, 0.09211015701293945, 1.6827044486999512]
optimize_elapsed=7215.292012691498
