presolve_elapsed_times=[0.007024288177490234, 0.29169297218322754, 13.695353984832764, 2.273834228515625]
optimize_elapsed=7222.320122241974
