presolve_elapsed_times=[0.0076541900634765625, 0.08947515487670898, 0.4181175231933594, 10.674579620361328]
optimize_elapsed=7218.5204746723175
