presolve_elapsed_times=[0.020392417907714844, 0.1867678165435791]
optimize_elapsed=1.9265170097351074
