presolve_elapsed_times=[0.04832887649536133, 0.1423649787902832, 23.91973376274109, 1.9065454006195068]
optimize_elapsed=7203.804998874664
