presolve_elapsed_times=[0.006804943084716797, 0.12059521675109863, 0.5110058784484863]
optimize_elapsed=7223.5973472595215
