presolve_elapsed_times=[0.017177820205688477, 0.1954951286315918]
optimize_elapsed=1.3951942920684814
