presolve_elapsed_times=[0.010118246078491211, 0.11310148239135742, 7200.038762331009, 1.6061491966247559]
optimize_elapsed=7209.462815284729
