presolve_elapsed_times=[0.007189512252807617, 0.07432842254638672, 6.477599143981934, 1.0683510303497314]
optimize_elapsed=7220.448229312897
