presolve_elapsed_times=[0.07735300064086914, 0.18028593063354492, 0.7768528461456299, 32.745282888412476]
optimize_elapsed=7205.7790994644165
