presolve_elapsed_times=[0.009698867797851562, 0.11129307746887207, 2.165217161178589]
optimize_elapsed=7212.17409992218
