presolve_elapsed_times=[0.07074379920959473, 0.2426469326019287, 63.8168625831604, 13.428936958312988]
optimize_elapsed=7207.009247541428
