presolve_elapsed_times=[0.008261680603027344, 0.11007547378540039, 0.2108287811279297, 1564.4838235378265]
optimize_elapsed=7212.14096903801
