presolve_elapsed_times=[0.010157585144042969, 0.0894930362701416, 36.12206029891968]
optimize_elapsed=7209.820912837982
