presolve_elapsed_times=[0.02064228057861328, 0.020643949508666992, 0.05174064636230469, 0.05174398422241211]
optimize_elapsed=85.40494799613953
