presolve_elapsed_times=[0.23080039024353027, 0.11463403701782227, 26.48953080177307]
optimize_elapsed=7209.790504932404
