presolve_elapsed_times=[0.024108409881591797, 0.1865253448486328, 0.16926860809326172]
optimize_elapsed=3.5765440464019775
