presolve_elapsed_times=[0.02523207664489746, 0.15659284591674805, 0.23027634620666504]
optimize_elapsed=17.4605233669281
