presolve_elapsed_times=[0.009809017181396484, 0.09010863304138184, 7207.254128217697, 1.2025258541107178]
optimize_elapsed=7208.035280704498
