presolve_elapsed_times=[0.007097959518432617, 0.05353713035583496, 0.4319727420806885]
optimize_elapsed=7227.660439014435
