presolve_elapsed_times=[0.04719257354736328, 0.1220850944519043, 33.853111028671265, 7.541355133056641]
optimize_elapsed=7209.477774858475
