presolve_elapsed_times=[0.008042573928833008, 0.0598299503326416, 0.558535099029541]
optimize_elapsed=17.540717124938965
