presolve_elapsed_times=[0.06174349784851074, 0.13077569007873535, 11.464798927307129, 10.559809923171997]
optimize_elapsed=7205.293855190277
