presolve_elapsed_times=[0.016437530517578125, 0.06349635124206543, 12.20041012763977]
optimize_elapsed=16.762100219726562
