presolve_elapsed_times=[0.008625268936157227, 0.06711649894714355, 0.5427515506744385]
optimize_elapsed=7225.733257293701
