presolve_elapsed_times=[0.011155366897583008, 0.09474563598632812, 0.5422172546386719, 400.749707698822]
optimize_elapsed=7216.36758518219
