presolve_elapsed_times=[0.011166572570800781, 0.011167764663696289]
optimize_elapsed=0.21309947967529297
