presolve_elapsed_times=[0.04519915580749512, 0.11646056175231934, 4.880738973617554]
optimize_elapsed=7215.770750045776
