presolve_elapsed_times=[0.05953168869018555, 0.1759781837463379, 97.36221957206726, 11.58411693572998]
optimize_elapsed=7209.73628282547
