presolve_elapsed_times=[0.027495384216308594, 0.3505551815032959, 0.19094371795654297]
optimize_elapsed=18.586212396621704
