presolve_elapsed_times=[0.006312370300292969, 0.045279741287231445, 7222.674841880798, 0.5725617408752441]
optimize_elapsed=7226.1558039188385
