presolve_elapsed_times=[0.010314226150512695, 0.11097383499145508, 240.26280093193054]
optimize_elapsed=7213.901705026627
