presolve_elapsed_times=[0.007943868637084961, 0.007944822311401367, 0.06014609336853027, 0.06014847755432129]
optimize_elapsed=17.689483165740967
