presolve_elapsed_times=[0.008141279220581055, 0.07070684432983398, 1.239264965057373]
optimize_elapsed=7219.983157634735
