presolve_elapsed_times=[0.08246779441833496, 0.21724939346313477, 20.81348466873169, 4.9356725215911865]
optimize_elapsed=7205.327770471573
