presolve_elapsed_times=[0.008001089096069336, 0.06836056709289551, 0.4918644428253174]
optimize_elapsed=7225.844192743301
