presolve_elapsed_times=[0.07974004745483398, 0.258014440536499, 0.5196547508239746, 31.99663758277893]
optimize_elapsed=7205.079331159592
