presolve_elapsed_times=[0.009696245193481445, 0.0805213451385498, 1.8132171630859375]
optimize_elapsed=7218.434371709824
