presolve_elapsed_times=[0.007826805114746094, 0.08514046669006348, 10.821130275726318]
optimize_elapsed=60.463815212249756
