presolve_elapsed_times=[0.00897073745727539, 0.05755257606506348, 11.403093814849854]
optimize_elapsed=7223.897735834122
