presolve_elapsed_times=[0.006646871566772461, 0.07832098007202148, 0.15178847312927246]
optimize_elapsed=9.070365905761719
