presolve_elapsed_times=[0.05940437316894531, 0.3575170040130615, 2.0326926708221436, 3.2657277584075928]
optimize_elapsed=7204.385044336319
