presolve_elapsed_times=[0.010107755661010742, 0.13684463500976562, 0.2686889171600342, 512.1772274971008]
optimize_elapsed=7218.39506316185
