presolve_elapsed_times=[0.027570724487304688, 0.0275726318359375, 5.269193410873413, 5.269195795059204]
optimize_elapsed=7232.2105503082275
