presolve_elapsed_times=[0.010663747787475586, 0.04454684257507324, 0.19910526275634766]
optimize_elapsed=119.41365337371826
