presolve_elapsed_times=[0.05141878128051758, 0.051421165466308594, 0.10492396354675293, 0.10492610931396484]
optimize_elapsed=4826.726064682007
