presolve_elapsed_times=[0.047734975814819336, 0.11327934265136719, 7200.030377626419, 1.6448755264282227]
optimize_elapsed=7204.088385820389
