presolve_elapsed_times=[0.020313024520874023, 0.1620166301727295]
optimize_elapsed=2.1912879943847656
