presolve_elapsed_times=[0.007039546966552734, 0.047583818435668945, 1.027252197265625]
optimize_elapsed=6553.534083366394
