presolve_elapsed_times=[0.029875516891479492, 0.10801053047180176, 0.49263978004455566]
optimize_elapsed=35.99906277656555
