presolve_elapsed_times=[0.029206514358520508, 5.3092942237854, 0.34984302520751953]
optimize_elapsed=7234.945720672607
