presolve_elapsed_times=[0.007378339767456055, 0.0782167911529541, 4.636643409729004]
optimize_elapsed=95.88862133026123
