presolve_elapsed_times=[0.034267425537109375, 0.03426933288574219, 0.19184327125549316, 0.19184613227844238]
optimize_elapsed=12.98000717163086
