presolve_elapsed_times=[0.06668925285339355, 0.17272710800170898, 0.3853166103363037, 7200.057862997055, 5.812726020812988]
optimize_elapsed=7204.87385559082
