presolve_elapsed_times=[0.008434057235717773, 0.06783294677734375, 6.844144821166992, 1.7692830562591553]
optimize_elapsed=7228.701743602753
