presolve_elapsed_times=[0.0071904659271240234, 0.07674241065979004, 26.39291739463806, 4.221527814865112]
optimize_elapsed=7219.327276706696
