presolve_elapsed_times=[0.02474236488342285, 0.024744510650634766, 0.16927719116210938, 0.1692798137664795]
optimize_elapsed=57.61465287208557
