presolve_elapsed_times=[0.009118080139160156, 0.09458065032958984, 1.900876522064209, 6.649182081222534]
optimize_elapsed=7225.082523822784
