presolve_elapsed_times=[0.025900840759277344, 0.7224223613739014]
optimize_elapsed=20.509256839752197
