presolve_elapsed_times=[0.010246515274047852, 0.11827540397644043, 0.4487729072570801, 68.84357452392578]
optimize_elapsed=7214.099964141846
