presolve_elapsed_times=[0.013410329818725586, 0.11742806434631348, 283.4623718261719, 4.875354051589966]
optimize_elapsed=7213.626980781555
