presolve_elapsed_times=[0.0071146488189697266, 0.056662797927856445, 144.98574995994568]
optimize_elapsed=7232.756651639938
