presolve_elapsed_times=[0.022139549255371094, 0.21188902854919434]
optimize_elapsed=6.500151634216309
