presolve_elapsed_times=[0.06501936912536621, 0.0819234848022461, 3.513322114944458]
optimize_elapsed=7209.696079492569
