presolve_elapsed_times=[0.013952255249023438, 0.12096333503723145]
optimize_elapsed=0.3776702880859375
