presolve_elapsed_times=[0.00904989242553711, 0.132004976272583, 12.165027141571045, 22.50496220588684]
optimize_elapsed=7222.141573190689
