presolve_elapsed_times=[0.008200883865356445, 0.03561854362487793, 0.16960525512695312]
optimize_elapsed=57.15707874298096
