presolve_elapsed_times=[0.07427263259887695, 0.2526662349700928, 0.3992323875427246, 7204.527257204056, 9.496400356292725]
optimize_elapsed=7203.632719516754
