presolve_elapsed_times=[0.06740355491638184, 0.16120457649230957, 34.59620952606201, 17.66568088531494]
optimize_elapsed=7209.240529060364
