presolve_elapsed_times=[0.027662277221679688, 0.16773581504821777, 0.34604334831237793]
optimize_elapsed=57.61705732345581
