presolve_elapsed_times=[0.008999347686767578, 0.10563516616821289, 0.2270340919494629, 89.10399341583252]
optimize_elapsed=7217.334030389786
