presolve_elapsed_times=[0.05296444892883301, 0.13795113563537598, 6.9829981327056885]
optimize_elapsed=7215.214593887329
