presolve_elapsed_times=[0.02491021156311035, 30.36818790435791, 0.31032824516296387]
optimize_elapsed=3956.2741646766663
