presolve_elapsed_times=[0.005693197250366211, 0.047133684158325195, 0.17035388946533203]
optimize_elapsed=11.784156560897827
