presolve_elapsed_times=[0.03642392158508301, 0.04719233512878418, 19.328235864639282]
optimize_elapsed=7221.738240480423
