presolve_elapsed_times=[0.06508731842041016, 0.21625852584838867, 152.41599440574646, 36.055875062942505]
optimize_elapsed=7205.304730653763
