presolve_elapsed_times=[0.05728268623352051, 0.1861722469329834, 8.59344482421875, 4.610791921615601]
optimize_elapsed=7207.541031599045
