presolve_elapsed_times=[0.007125139236450195, 0.08259367942810059, 7200.025427818298, 1.997093677520752]
optimize_elapsed=7219.797691345215
