presolve_elapsed_times=[0.052365779876708984, 0.08035469055175781, 2.971790075302124]
optimize_elapsed=2213.683658838272
