presolve_elapsed_times=[0.008034467697143555, 0.13589882850646973, 8.679058074951172]
optimize_elapsed=32.9258918762207
