presolve_elapsed_times=[0.026124238967895508, 0.026126384735107422, 11.130174398422241, 11.130177021026611]
optimize_elapsed=3.128981113433838
