presolve_elapsed_times=[0.00730133056640625, 0.05454587936401367, 1.5616936683654785]
optimize_elapsed=7230.952852010727
