presolve_elapsed_times=[0.006117105484008789, 0.006118297576904297, 0.03917360305786133, 0.039175987243652344]
optimize_elapsed=57.31040668487549
