presolve_elapsed_times=[0.040209293365478516, 0.11784696578979492, 6.536026954650879]
optimize_elapsed=7212.484464406967
