presolve_elapsed_times=[0.04997706413269043, 0.15906786918640137, 6.245192527770996]
optimize_elapsed=7215.556382894516
