presolve_elapsed_times=[0.03945589065551758, 0.08159112930297852, 0.9055647850036621]
optimize_elapsed=130.89363312721252
