presolve_elapsed_times=[0.02295970916748047, 0.19205284118652344]
optimize_elapsed=2.7180426120758057
