presolve_elapsed_times=[0.01617145538330078, 0.0906367301940918, 15.433332443237305, 2.2992031574249268]
optimize_elapsed=7215.382071971893
