presolve_elapsed_times=[0.00762176513671875, 0.06652665138244629, 1.4246037006378174]
optimize_elapsed=11.817144393920898
