presolve_elapsed_times=[0.07178092002868652, 0.11718010902404785, 7200.05277132988, 1.586456060409546]
optimize_elapsed=7202.515222072601
