presolve_elapsed_times=[0.010373830795288086, 0.05692434310913086, 7222.008192062378, 0.6013007164001465]
optimize_elapsed=7227.305267572403
