presolve_elapsed_times=[0.010396480560302734, 0.15086627006530762, 7200.044652938843, 4.053161144256592]
optimize_elapsed=7208.896064281464
