presolve_elapsed_times=[0.0074541568756103516, 0.05682110786437988, 477.1549379825592]
optimize_elapsed=7231.28991651535
