presolve_elapsed_times=[0.06505584716796875, 0.2455606460571289, 70.38228702545166, 14.438157796859741]
optimize_elapsed=7206.867256402969
