presolve_elapsed_times=[0.015308618545532227, 0.015309810638427734]
optimize_elapsed=0.32972264289855957
