presolve_elapsed_times=[0.0600123405456543, 0.223435640335083, 16.33913230895996, 251.09571623802185]
optimize_elapsed=7202.987927913666
