presolve_elapsed_times=[0.009318113327026367, 0.10299992561340332, 1.7820332050323486]
optimize_elapsed=7222.033138513565
