presolve_elapsed_times=[0.01525735855102539, 0.12057042121887207]
optimize_elapsed=0.31510353088378906
