presolve_elapsed_times=[0.08937430381774902, 0.3390367031097412, 0.5034201145172119, 7200.106003522873, 9.521809339523315]
optimize_elapsed=7204.7406849861145
