presolve_elapsed_times=[0.028658151626586914, 0.2873072624206543, 0.2098374366760254]
optimize_elapsed=43.36172294616699
