presolve_elapsed_times=[0.0063936710357666016, 0.09500694274902344, 7206.332619667053, 1.602283239364624]
optimize_elapsed=7221.490788459778
