presolve_elapsed_times=[0.020946979522705078, 0.033693552017211914, 0.25568556785583496]
optimize_elapsed=84.86486458778381
