presolve_elapsed_times=[0.05295586585998535, 0.13651013374328613, 17.906853675842285, 10.817367792129517]
optimize_elapsed=7206.2073097229
