presolve_elapsed_times=[0.055133819580078125, 0.19733381271362305, 7200.238441467285, 1.9719395637512207]
optimize_elapsed=7208.578956127167
