presolve_elapsed_times=[0.01076054573059082, 0.12073183059692383, 7200.039737939835, 1.3065545558929443]
optimize_elapsed=7213.157505273819
