presolve_elapsed_times=[0.010093212127685547, 0.11613273620605469]
optimize_elapsed=0.20515227317810059
