presolve_elapsed_times=[0.011849641799926758, 0.10110259056091309, 0.6407063007354736, 2494.546582221985]
optimize_elapsed=7218.46644616127
