presolve_elapsed_times=[0.010518312454223633, 0.10085368156433105, 38.42410731315613]
optimize_elapsed=7206.1454701423645
