presolve_elapsed_times=[0.006052255630493164, 0.006053447723388672, 0.06439661979675293, 0.06439876556396484]
optimize_elapsed=2.519706964492798
