presolve_elapsed_times=[0.00804758071899414, 0.06425309181213379, 13.882245779037476, 0.7469568252563477]
optimize_elapsed=7210.27574467659
