presolve_elapsed_times=[0.007886171340942383, 0.09764766693115234, 0.39009833335876465, 2123.5691800117493]
optimize_elapsed=7211.090399265289
