presolve_elapsed_times=[0.007845640182495117, 0.0641932487487793, 7200.042152166367, 0.7434360980987549]
optimize_elapsed=7229.373132228851
