presolve_elapsed_times=[0.007387399673461914, 0.10933327674865723, 10.226939678192139, 1.0349833965301514]
optimize_elapsed=7222.6044108867645
