presolve_elapsed_times=[0.05522608757019043, 0.1662595272064209, 22.348087310791016, 42.49450325965881]
optimize_elapsed=7207.4141364097595
