presolve_elapsed_times=[0.08070969581604004, 0.18630576133728027, 17.129515886306763, 73.16227436065674]
optimize_elapsed=7207.425366401672
