presolve_elapsed_times=[0.04797005653381348, 0.1027381420135498, 3.497408151626587]
optimize_elapsed=4809.531133651733
