presolve_elapsed_times=[0.009670495986938477, 0.07151436805725098, 0.10995841026306152, 2.2399368286132812]
optimize_elapsed=7220.099796533585
