presolve_elapsed_times=[0.00911855697631836, 0.11818480491638184, 0.21008801460266113, 1547.8242065906525]
optimize_elapsed=7207.873835802078
