presolve_elapsed_times=[0.004915475845336914, 0.07135462760925293, 0.11085700988769531]
optimize_elapsed=2.5694289207458496
