presolve_elapsed_times=[0.025171518325805664, 0.4886322021484375]
optimize_elapsed=17.997528791427612
