presolve_elapsed_times=[0.010261058807373047, 0.08735370635986328, 29.122946739196777]
optimize_elapsed=7218.156004190445
