presolve_elapsed_times=[0.0070362091064453125, 0.04558110237121582, 0.18425989151000977]
optimize_elapsed=104.25380182266235
