presolve_elapsed_times=[0.031455278396606445, 0.7625350952148438, 0.411285400390625]
optimize_elapsed=37.86699199676514
