presolve_elapsed_times=[0.022035598754882812, 0.28104662895202637]
optimize_elapsed=1.4356439113616943
