presolve_elapsed_times=[0.010694265365600586, 0.1333634853363037, 0.2785980701446533, 7217.114098310471, 8.172035455703735]
optimize_elapsed=7206.78179526329
