presolve_elapsed_times=[0.010893821716308594, 0.14609146118164062, 7200.054869890213, 1.5570144653320312]
optimize_elapsed=7211.14882850647
