presolve_elapsed_times=[0.006136417388916016, 0.0956418514251709, 7200.330559968948, 1.1179499626159668]
optimize_elapsed=7227.618937492371
