presolve_elapsed_times=[0.009419441223144531, 0.05289864540100098, 0.24240636825561523]
optimize_elapsed=14.404868602752686
