presolve_elapsed_times=[0.023555994033813477, 11.010343074798584, 0.31595444679260254]
optimize_elapsed=3.2073867321014404
