presolve_elapsed_times=[0.04125213623046875, 0.14536571502685547, 56.776055097579956]
optimize_elapsed=7211.515457868576
