presolve_elapsed_times=[0.022884130477905273, 0.022886276245117188]
optimize_elapsed=2.8246679306030273
