presolve_elapsed_times=[0.034526824951171875, 0.06620359420776367, 0.3182823657989502]
optimize_elapsed=139.9749526977539
