presolve_elapsed_times=[0.006108522415161133, 0.04941058158874512, 0.20553278923034668]
optimize_elapsed=18.418748378753662
