presolve_elapsed_times=[0.0088653564453125, 0.07190418243408203, 0.6090028285980225]
optimize_elapsed=7227.039031505585
