presolve_elapsed_times=[0.01058053970336914, 0.13312244415283203, 7200.030853271484, 6.420884847640991]
optimize_elapsed=7210.63147854805
