presolve_elapsed_times=[0.008426427841186523, 0.07700586318969727, 0.10772514343261719, 0.9147603511810303]
optimize_elapsed=7225.13532948494
