presolve_elapsed_times=[0.08107304573059082, 0.22754693031311035, 0.7983064651489258, 938.6841189861298]
optimize_elapsed=7204.369320631027
