presolve_elapsed_times=[0.006121397018432617, 0.051013946533203125, 0.9203619956970215]
optimize_elapsed=7233.879928827286
