presolve_elapsed_times=[0.012250423431396484, 0.1320946216583252, 1.762362003326416, 5.116885185241699]
optimize_elapsed=7205.672611474991
