presolve_elapsed_times=[0.07198596000671387, 0.16945385932922363, 0.38280630111694336, 7215.754406452179, 19.316903114318848]
optimize_elapsed=7205.426789283752
