presolve_elapsed_times=[0.009465694427490234, 0.09847235679626465, 23.589532136917114, 3.077319383621216]
optimize_elapsed=7224.96347618103
