presolve_elapsed_times=[0.009737730026245117, 0.09484171867370605, 7200.056704282761, 3.119356393814087]
optimize_elapsed=7208.411218166351
