presolve_elapsed_times=[0.009089231491088867, 0.07886195182800293, 16.792322874069214]
optimize_elapsed=288.1627368927002
