presolve_elapsed_times=[0.00544285774230957, 0.19948887825012207, 0.11440181732177734]
optimize_elapsed=2.576977014541626
