presolve_elapsed_times=[0.06109786033630371, 0.19745683670043945, 0.41539812088012695, 66.32769274711609]
optimize_elapsed=7207.413267850876
