presolve_elapsed_times=[0.007022380828857422, 0.05083322525024414, 2062.800977706909]
optimize_elapsed=7225.022667884827
