presolve_elapsed_times=[0.008920907974243164, 0.12993621826171875, 16.519091844558716]
optimize_elapsed=245.6938989162445
