presolve_elapsed_times=[0.005430698394775391, 0.07313036918640137, 0.14013671875]
optimize_elapsed=7.7982871532440186
