presolve_elapsed_times=[0.04093217849731445, 0.09301233291625977, 22.16384267807007]
optimize_elapsed=3697.922956943512
