presolve_elapsed_times=[0.010045766830444336, 0.15056562423706055, 0.2999720573425293, 7200.375665664673, 10.982869625091553]
optimize_elapsed=7208.2301251888275
