presolve_elapsed_times=[0.008624553680419922, 0.0656287670135498, 0.11602210998535156, 0.7920353412628174]
optimize_elapsed=7222.395126581192
