presolve_elapsed_times=[0.008540630340576172, 0.11342191696166992, 0.37993931770324707]
optimize_elapsed=7230.005352973938
