presolve_elapsed_times=[0.00744938850402832, 0.08511877059936523, 3.0922791957855225, 6.7516725063323975]
optimize_elapsed=7221.513105392456
