presolve_elapsed_times=[0.061858415603637695, 0.18610620498657227, 5.018977880477905, 18.91059446334839]
optimize_elapsed=7207.101269483566
