presolve_elapsed_times=[0.009289026260375977, 0.07913613319396973, 9.439992427825928]
optimize_elapsed=7215.809940814972
