presolve_elapsed_times=[0.0073778629302978516, 0.09638714790344238, 0.4215414524078369, 9.557926416397095]
optimize_elapsed=7223.80633187294
