presolve_elapsed_times=[0.0491182804107666, 0.049120187759399414, 0.0995340347290039, 0.09953689575195312]
optimize_elapsed=81.62397789955139
