presolve_elapsed_times=[0.018361806869506836, 0.018362998962402344]
optimize_elapsed=0.3667454719543457
