presolve_elapsed_times=[0.07210421562194824, 0.21527791023254395, 0.4373345375061035, 7200.091511011124, 7.765878915786743]
optimize_elapsed=7202.874703645706
