presolve_elapsed_times=[0.011340141296386719, 0.14019012451171875, 0.24737143516540527, 177.58203530311584]
optimize_elapsed=7215.442374706268
