presolve_elapsed_times=[0.015300512313842773, 0.3043324947357178]
optimize_elapsed=1.8351383209228516
