presolve_elapsed_times=[0.04637789726257324, 0.10148859024047852, 1.2819850444793701]
optimize_elapsed=7217.234454154968
