presolve_elapsed_times=[0.005971193313598633, 0.039046525955200195, 0.6287717819213867]
optimize_elapsed=7237.408389568329
