presolve_elapsed_times=[0.04852700233459473, 0.1727294921875, 23.811075448989868, 8.035957098007202]
optimize_elapsed=7210.873292684555
