presolve_elapsed_times=[0.048046112060546875, 0.04804849624633789, 0.10129833221435547, 0.10130119323730469]
optimize_elapsed=1061.2458608150482
