presolve_elapsed_times=[0.0053844451904296875, 0.04654502868652344, 0.161668062210083]
optimize_elapsed=26.056169509887695
