presolve_elapsed_times=[0.02038741111755371, 0.02038884162902832]
optimize_elapsed=2.148308515548706
