presolve_elapsed_times=[0.013503551483154297, 0.08187365531921387, 7.602775573730469, 22.21638584136963]
optimize_elapsed=7220.0255444049835
