presolve_elapsed_times=[0.02911520004272461, 0.8136098384857178, 0.3299291133880615]
optimize_elapsed=34.67956876754761
