presolve_elapsed_times=[0.015199899673461914, 0.12278270721435547, 0.22204971313476562, 7233.063837766647, 3.735332727432251]
optimize_elapsed=7203.250747680664
