presolve_elapsed_times=[0.010096311569213867, 0.09618496894836426, 7202.141395807266, 4.165390253067017]
optimize_elapsed=7212.616078615189
