presolve_elapsed_times=[0.008284807205200195, 0.06955194473266602, 12.077886819839478, 1.9781348705291748]
optimize_elapsed=7223.696333169937
