presolve_elapsed_times=[0.013484001159667969, 0.09078550338745117, 0.8215115070343018, 10.40667176246643]
optimize_elapsed=7218.26073884964
