presolve_elapsed_times=[0.03888750076293945, 0.03888964653015137, 0.08259320259094238, 0.0825958251953125]
optimize_elapsed=131.47621512413025
