presolve_elapsed_times=[0.006786823272705078, 0.05352139472961426, 3.9630227088928223]
optimize_elapsed=93.75082731246948
