presolve_elapsed_times=[0.008281469345092773, 0.14259672164916992, 0.19474124908447266, 7211.032103061676, 3.4349637031555176]
optimize_elapsed=7209.166201353073
