presolve_elapsed_times=[0.006560802459716797, 0.06982040405273438, 7214.812356710434, 0.7120027542114258]
optimize_elapsed=7222.815022468567
