presolve_elapsed_times=[0.00728607177734375, 1.462172508239746, 0.3508341312408447]
optimize_elapsed=7222.428196668625
