presolve_elapsed_times=[0.012811899185180664, 0.0907285213470459, 6.218148469924927]
optimize_elapsed=60.24718737602234
