presolve_elapsed_times=[0.05716872215270996, 0.15421390533447266, 109.77165579795837, 2.2360610961914062]
optimize_elapsed=7207.381702423096
