presolve_elapsed_times=[0.03160452842712402, 0.06329846382141113, 0.6451866626739502]
optimize_elapsed=71.38905668258667
