presolve_elapsed_times=[0.007611274719238281, 0.0076122283935546875, 0.0672914981842041, 0.06729459762573242]
optimize_elapsed=11.795984268188477
