presolve_elapsed_times=[0.005876302719116211, 0.052541494369506836, 0.40952229499816895]
optimize_elapsed=19.1988627910614
