presolve_elapsed_times=[0.005864620208740234, 0.03745412826538086, 0.4033820629119873]
optimize_elapsed=7227.4532561302185
