presolve_elapsed_times=[0.007414817810058594, 0.0074160099029541016, 0.05095195770263672, 0.05095529556274414]
optimize_elapsed=41.31410264968872
