presolve_elapsed_times=[0.030907630920410156, 0.030909061431884766, 0.808873176574707, 0.8088757991790771]
optimize_elapsed=38.213706254959106
