presolve_elapsed_times=[0.009285449981689453, 0.048993825912475586, 0.25163936614990234]
optimize_elapsed=98.3608181476593
