presolve_elapsed_times=[0.03509950637817383, 0.0736691951751709, 0.517117977142334]
optimize_elapsed=93.33464050292969
