presolve_elapsed_times=[0.046001434326171875, 0.09337234497070312, 2.432572364807129]
optimize_elapsed=3436.364522218704
