presolve_elapsed_times=[0.0085296630859375, 0.07073187828063965, 0.16172432899475098, 2.3797717094421387]
optimize_elapsed=7230.004095315933
