presolve_elapsed_times=[0.005147695541381836, 0.03469204902648926, 0.8181359767913818]
optimize_elapsed=7234.209233999252
