presolve_elapsed_times=[0.023752450942993164, 0.059534311294555664, 7200.0705473423, 0.9244427680969238]
optimize_elapsed=7228.444394350052
