presolve_elapsed_times=[0.01897120475769043, 0.05571484565734863, 5.132862329483032]
optimize_elapsed=122.65627479553223
