presolve_elapsed_times=[0.007624149322509766, 0.06014609336853027, 5.452697992324829]
optimize_elapsed=239.28700637817383
