presolve_elapsed_times=[0.00907754898071289, 0.07320046424865723, 1.9009432792663574]
optimize_elapsed=7227.419870138168
