presolve_elapsed_times=[0.06064343452453613, 0.20238065719604492, 3.937560558319092, 12.016584157943726]
optimize_elapsed=7207.583790302277
