presolve_elapsed_times=[0.024773359298706055, 0.024775266647338867]
optimize_elapsed=17.89675784111023
