presolve_elapsed_times=[0.011242866516113281, 0.10520696640014648]
optimize_elapsed=0.2189807891845703
