presolve_elapsed_times=[0.0065195560455322266, 0.051110029220581055, 1.5476253032684326]
optimize_elapsed=7232.214468717575
