presolve_elapsed_times=[0.03859829902648926, 0.09839725494384766, 4.734991550445557]
optimize_elapsed=7227.475941896439
