presolve_elapsed_times=[0.008502721786499023, 0.11792993545532227, 77.2782154083252, 4.65378212928772]
optimize_elapsed=7225.747433423996
