presolve_elapsed_times=[0.024422407150268555, 0.21521377563476562, 0.1582949161529541]
optimize_elapsed=4.4797680377960205
