presolve_elapsed_times=[0.004865884780883789, 0.034543752670288086, 0.5647428035736084]
optimize_elapsed=4345.904032468796
