presolve_elapsed_times=[0.444915771484375, 0.14024019241333008, 112.3907539844513, 3.795633316040039]
optimize_elapsed=7203.932783842087
