presolve_elapsed_times=[0.007663249969482422, 0.08874988555908203, 0.5319058895111084, 16.6896493434906]
optimize_elapsed=7215.077920198441
