presolve_elapsed_times=[0.0076901912689208984, 0.04996204376220703, 0.15568804740905762]
optimize_elapsed=304.9743604660034
