presolve_elapsed_times=[0.006264925003051758, 0.051337480545043945, 0.9481556415557861]
optimize_elapsed=1517.219643354416
