presolve_elapsed_times=[0.01827263832092285, 0.14498686790466309]
optimize_elapsed=0.39210033416748047
