presolve_elapsed_times=[0.007500648498535156, 0.05630230903625488, 7200.095718383789, 2.4194083213806152]
optimize_elapsed=7232.625326395035
