presolve_elapsed_times=[0.008597850799560547, 0.07397699356079102, 8.725944757461548]
optimize_elapsed=85.8617160320282
