presolve_elapsed_times=[0.04742431640625, 0.12018203735351562, 34.15248656272888, 1.9801647663116455]
optimize_elapsed=7213.675262212753
