presolve_elapsed_times=[0.008394241333007812, 0.10344648361206055, 0.1955249309539795, 7234.341872930527, 2.1294641494750977]
optimize_elapsed=7206.176065683365
