presolve_elapsed_times=[0.005365133285522461, 0.0462033748626709, 0.7209570407867432]
optimize_elapsed=7230.309024810791
