presolve_elapsed_times=[0.006590127944946289, 0.0065915584564208984, 0.07628965377807617, 0.07629227638244629]
optimize_elapsed=9.017703294754028
