presolve_elapsed_times=[0.015196561813354492, 0.13412117958068848]
optimize_elapsed=0.3113281726837158
