presolve_elapsed_times=[0.04819059371948242, 0.09938263893127441, 1.9171128273010254]
optimize_elapsed=1063.6729321479797
