presolve_elapsed_times=[0.05098128318786621, 0.13211369514465332, 15.51567268371582]
optimize_elapsed=7212.02575302124
