presolve_elapsed_times=[0.026285171508789062, 0.026287078857421875]
optimize_elapsed=21.136205434799194
