presolve_elapsed_times=[0.008870363235473633, 0.1055300235748291, 0.23120665550231934, 7200.079598903656, 5.708315372467041]
optimize_elapsed=7206.775773763657
