presolve_elapsed_times=[0.01920008659362793, 0.13753771781921387, 0.2920715808868408, 6.4460062980651855]
optimize_elapsed=7209.494749307632
