presolve_elapsed_times=[0.06427836418151855, 0.1691443920135498, 0.45535874366760254, 51.88560605049133]
optimize_elapsed=7205.217395782471
