presolve_elapsed_times=[0.007993698120117188, 0.1363840103149414, 11.73955225944519, 1.0514178276062012]
optimize_elapsed=2902.4025678634644
