presolve_elapsed_times=[0.009601593017578125, 0.009602785110473633, 0.06475281715393066, 0.06475591659545898]
optimize_elapsed=50.99183511734009
