presolve_elapsed_times=[0.01010894775390625, 0.08957386016845703, 0.9053218364715576]
optimize_elapsed=7221.335857868195
