presolve_elapsed_times=[0.006947040557861328, 0.061922550201416016, 7200.028601884842, 0.9106788635253906]
optimize_elapsed=7213.448590993881
