presolve_elapsed_times=[0.012450695037841797, 0.08387064933776855, 15.552205562591553, 0.5494427680969238]
optimize_elapsed=7218.981758356094
