presolve_elapsed_times=[0.008967399597167969, 0.09069371223449707, 5.316547393798828, 4.252129316329956]
optimize_elapsed=7221.294074058533
