presolve_elapsed_times=[0.006766557693481445, 0.06925225257873535, 7.637684106826782]
optimize_elapsed=221.3051896095276
