presolve_elapsed_times=[0.008030414581298828, 0.0821676254272461, 1.3406202793121338]
optimize_elapsed=7223.668555021286
