presolve_elapsed_times=[0.00744318962097168, 0.05140876770019531, 2.9601924419403076]
optimize_elapsed=41.4066367149353
