presolve_elapsed_times=[0.011839866638183594, 0.10301852226257324, 7200.074531793594, 4.417388200759888]
optimize_elapsed=7211.640046596527
