presolve_elapsed_times=[0.08156323432922363, 0.18682861328125, 10.660796880722046, 84.24600601196289]
optimize_elapsed=7206.6277186870575
