presolve_elapsed_times=[0.06840181350708008, 0.1044912338256836, 9.691887855529785]
optimize_elapsed=7213.039161682129
