presolve_elapsed_times=[0.00690913200378418, 0.05283617973327637, 0.1758415699005127]
optimize_elapsed=11.821744680404663
