presolve_elapsed_times=[0.009048223495483398, 0.12256646156311035, 0.23720812797546387, 7203.723565578461, 9.367979526519775]
optimize_elapsed=7211.555478096008
