presolve_elapsed_times=[0.011130571365356445, 0.12714338302612305, 0.21915411949157715, 7217.658902168274, 3.0196163654327393]
optimize_elapsed=7206.798753976822
