presolve_elapsed_times=[0.016230106353759766, 0.10830402374267578, 12.464968204498291, 5.951730966567993]
optimize_elapsed=7221.333127975464
