presolve_elapsed_times=[0.0059833526611328125, 0.06444334983825684, 0.23792338371276855]
optimize_elapsed=2.556283950805664
