presolve_elapsed_times=[0.008105278015136719, 0.09335041046142578, 0.482391357421875]
optimize_elapsed=7220.624198436737
