presolve_elapsed_times=[0.005995035171508789, 0.03843998908996582, 0.32595157623291016]
optimize_elapsed=1808.9210293293
