presolve_elapsed_times=[0.06514978408813477, 0.1672360897064209, 79.54969787597656, 17.240140199661255]
optimize_elapsed=7202.663491010666
