presolve_elapsed_times=[0.055570363998413086, 0.1740868091583252, 2.975834369659424, 12.88242506980896]
optimize_elapsed=7206.078831195831
