presolve_elapsed_times=[0.008249998092651367, 0.0805671215057373, 0.46247172355651855]
optimize_elapsed=7226.896435499191
