presolve_elapsed_times=[0.03414559364318848, 0.17339158058166504, 0.5026500225067139]
optimize_elapsed=12.889110326766968
